86.49	-2.52	87.02	-4.65	87.28	-4.37	139.06	-4.71       87.72	-2.60	87.74	-4.41	87.86	-4.39	92.59	-2.59
84.90	-5.61	85.46	-5.62	85.56	-5.56	129.95	-5.32       85.98	-5.59	86.16	-5.55	86.27	-5.46	90.23	-5.44
83.63	-6.69	84.34	-6.70	84.45	-6.64	121.66	-6.42       84.80	-6.60	84.99	-6.58	85.17	-6.55	88.59	-6.52
82.76	-7.50	83.29	-7.50	83.56	-7.44	115.01	-7.24       83.86	-7.43	84.07	-7.40	84.25	-7.35	87.33	-7.31
81.82	-8.19	82.41	-8.19	82.58	-8.11	109.34	-7.99       82.99	-8.09	83.13	-8.07	83.36	-8.04	86.02	-8.02
81.08	-8.91	81.66	-8.89	81.93	-8.81	104.82	-8.71       82.23	-8.80	82.42	-8.77	82.64	-8.74	85.01	-8.71
80.06	-9.34	80.58	-9.38	80.96	-9.30	100.68	-9.37       81.28	-9.29	81.43	-9.26	81.67	-9.25	83.78	-9.25
79.40	-9.82	80.00	-9.84	80.25	-9.77	97.35	-9.85       80.62	-9.75	80.81	-9.75	81.04	-9.69	82.95	-9.73
78.78	-10.16	79.42	-10.17	79.63	-10.07	94.43	-10.22       79.93	-10.07	80.14	-10.06	80.40	-10.03	82.02	-10.05
78.06	-10.47	78.56	-10.46	78.95	-10.37	91.79	-10.51       79.19	-10.37	79.39	-10.36	79.67	-10.32	81.10	-10.37
72.37	-11.72	72.81	-11.72	73.23	-11.60	83.68	-11.66       73.57	-11.63	73.70	-11.61	73.92	-11.58	74.97	-11.60
67.96	-13.24	68.34	-13.24	68.80	-13.14	77.37	-13.14       69.05	-13.16	69.19	-13.16	69.39	-13.15	70.18	-13.17
64.48	-13.96	64.83	-13.97	65.33	-13.90	72.48	-13.91       65.55	-13.96	65.67	-13.95	65.87	-13.94	66.55	-13.96
61.76	-14.26	62.17	-14.27	62.59	-14.19	68.52	-14.24       62.81	-14.28	62.94	-14.28	63.13	-14.27	63.63	-14.30
59.77	-14.27	60.18	-14.31	60.54	-14.25	65.52	-14.28       60.73	-14.34	60.80	-14.34	61.02	-14.34	61.48	-14.36
57.91	-14.23	58.25	-14.25	58.69	-14.22	62.86	-14.28       58.84	-14.33	58.95	-14.33	59.17	-14.34	59.59	-14.35
56.45	-14.07	56.80	-14.10	57.16	-14.06	60.62	-14.15       57.29	-14.21	57.37	-14.20	57.62	-14.21	57.98	-14.23
55.15	-13.86	55.58	-13.91	55.90	-13.87	58.76	-14.01       55.98	-14.03	56.10	-14.05	56.32	-14.04	56.65	-14.05
54.06	-13.57	54.44	-13.60	54.80	-13.60	57.14	-13.74       54.85	-13.75	54.97	-13.74	55.21	-13.74	55.51	-13.75
52.45	-13.13	52.86	-13.17	53.17	-13.17	54.97	-13.40       53.21	-13.35	53.31	-13.36	53.58	-13.38	53.81	-13.39
51.08	-12.62	51.49	-12.68	51.78	-12.69	53.12	-13.00       51.79	-12.89	51.89	-12.89	52.14	-12.91	52.37	-12.92
49.99	-12.20	50.37	-12.23	50.63	-12.26	51.62	-12.63       50.62	-12.46	50.77	-12.44	50.95	-12.47	51.21	-12.47
49.09	-11.68	49.47	-11.73	49.70	-11.75	50.34	-12.21       49.70	-11.97	49.81	-11.94	50.01	-11.98	50.28	-11.98
48.34	-11.17	48.72	-11.21	48.98	-11.24	49.31	-11.80       48.93	-11.45	49.06	-11.44	49.27	-11.47	49.48	-11.48
46.20	-9.55	46.51	-9.62	46.72	-9.63	46.72	-10.56       46.64	-9.84	46.76	-9.84	46.95	-9.86	47.13	-9.87
45.09	-8.23	45.43	-8.30	45.66	-8.32	45.42	-9.67       45.51	-8.51	45.62	-8.50	45.84	-8.52	45.95	-8.54
44.39	-7.54	44.70	-7.60	44.97	-7.62	44.52	-9.45       44.79	-7.80	44.88	-7.82	45.10	-7.82	45.20	-7.85
43.96	-6.99	44.29	-7.01	44.49	-7.04	43.84	-9.39       44.32	-7.20	44.40	-7.21	44.61	-7.22	44.70	-7.28
43.74	-6.63	44.08	-6.66	44.24	-6.74	43.34	-9.67       44.04	-6.83	44.10	-6.83	44.33	-6.87	44.41	-6.95
43.52	-6.33	43.84	-6.36	44.04	-6.50	43.09	-10.06       43.80	-6.53	43.92	-6.52	44.11	-6.57	44.16	-6.73
43.42	-6.25	43.84	-6.40	44.00	-6.56	43.09	-10.83       43.72	-6.46	43.89	-6.54	44.03	-6.60	44.10	-6.88
43.17	-6.14	43.46	-6.39	43.50	-6.59	42.29	-11.84       43.36	-6.36	43.45	-6.50	43.49	-6.60	43.43	-6.93
