89.33	-2.79	89.02	-5.07	88.99	-4.67	95.29	-2.82       89.02	-3.04	89.15	-4.84	89.34	-4.66	95.45	-2.99
87.79	-4.85	87.88	-4.90	87.82	-4.88	92.73	-4.88       87.72	-5.11	87.86	-5.05	88.03	-5.07	92.68	-5.10
86.96	-6.08	87.02	-6.15	86.92	-6.13	91.03	-6.08       86.68	-6.23	86.97	-6.22	87.16	-6.21	90.98	-6.16
86.40	-6.87	86.27	-6.87	86.12	-6.86	89.73	-6.82       85.92	-6.94	86.19	-6.94	86.44	-6.95	89.73	-6.92
85.45	-7.50	85.52	-7.51	85.35	-7.46	88.54	-7.48       85.25	-7.61	85.40	-7.61	85.68	-7.59	88.51	-7.59
84.75	-8.13	84.84	-8.17	84.42	-8.10	87.50	-8.16       84.50	-8.28	84.74	-8.28	85.02	-8.28	87.45	-8.29
84.01	-8.68	83.94	-8.67	83.39	-8.57	86.34	-8.67       83.63	-8.77	83.82	-8.79	84.08	-8.78	86.33	-8.82
83.46	-9.27	83.37	-9.09	83.05	-9.03	85.52	-9.14       82.97	-9.22	83.25	-9.24	83.46	-9.24	85.48	-9.26
82.19	-9.73	82.75	-9.41	82.57	-9.42	84.57	-9.45       82.47	-9.55	82.64	-9.57	82.82	-9.57	84.60	-9.60
81.25	-10.23	82.07	-9.73	82.01	-9.76	83.76	-9.74       81.72	-9.86	81.95	-9.88	82.12	-9.90	83.69	-9.91
74.88	-11.90	76.55	-10.98	76.42	-10.99	78.03	-10.99       76.29	-11.13	76.45	-11.13	76.52	-11.13	77.83	-11.14
69.23	-13.64	72.19	-12.59	72.25	-12.63	73.32	-12.57       71.81	-12.72	71.90	-12.73	72.11	-12.67	73.12	-12.74
65.36	-14.55	68.71	-13.43	68.77	-13.46	69.64	-13.42       68.23	-13.54	68.41	-13.56	68.48	-13.54	69.37	-13.57
62.18	-14.94	65.93	-13.81	65.93	-13.82	66.66	-13.79       65.53	-13.91	65.60	-13.92	65.57	-13.90	66.39	-13.94
59.82	-14.98	63.74	-13.90	63.83	-13.92	64.36	-13.87       63.35	-13.98	63.45	-14.01	63.61	-14.02	64.05	-14.03
57.83	-14.97	61.87	-13.92	61.88	-13.95	62.37	-13.89       61.46	-14.02	61.55	-14.03	61.70	-13.99	62.08	-14.04
56.87	-14.75	60.33	-13.82	60.21	-13.83	60.77	-13.77       59.86	-13.90	59.98	-13.92	60.10	-13.87	60.47	-13.93
57.43	-14.44	58.99	-13.70	58.98	-13.67	59.46	-13.63       58.60	-13.74	58.62	-13.76	58.84	-13.73	59.16	-13.78
58.36	-13.73	57.77	-13.45	57.88	-13.38	58.27	-13.36       57.44	-13.48	57.48	-13.51	57.67	-13.48	57.97	-13.51
56.20	-13.09	56.10	-13.07	56.14	-13.03	56.56	-13.02       55.75	-13.12	55.83	-13.14	56.03	-13.13	56.26	-13.16
54.94	-12.59	54.66	-12.65	54.87	-12.58	55.08	-12.59       54.30	-12.70	54.37	-12.73	54.56	-12.72	54.80	-12.75
53.64	-12.15	53.48	-12.26	53.54	-12.21	53.86	-12.22       53.10	-12.33	53.18	-12.34	53.38	-12.34	53.58	-12.36
52.66	-11.71	52.50	-11.82	52.57	-11.77	52.90	-11.79       52.10	-11.91	52.19	-11.91	52.42	-11.92	52.60	-11.92
51.61	-11.31	51.69	-11.35	51.81	-11.32	52.09	-11.33       51.28	-11.45	51.40	-11.44	51.61	-11.46	51.80	-11.47
49.11	-9.88	49.30	-9.93	49.43	-9.88	49.69	-9.90       48.89	-10.04	49.02	-10.04	49.18	-10.07	49.37	-10.06
48.09	-8.70	48.10	-8.76	48.23	-8.71	48.54	-8.72       47.75	-8.88	47.85	-8.86	47.96	-8.92	48.14	-8.89
47.35	-8.12	47.34	-8.17	47.52	-8.11	47.75	-8.15       46.95	-8.29	47.05	-8.29	47.21	-8.35	47.36	-8.32
47.00	-7.59	46.94	-7.69	47.02	-7.60	47.19	-7.67       46.45	-7.81	46.56	-7.80	46.68	-7.88	46.78	-7.87
46.78	-7.31	46.59	-7.44	46.74	-7.33	46.79	-7.42       46.14	-7.55	46.28	-7.55	46.30	-7.63	46.38	-7.68
46.39	-7.11	46.42	-7.24	46.50	-7.14	46.54	-7.28       45.87	-7.34	45.96	-7.38	46.07	-7.47	46.09	-7.53
46.49	-7.09	46.29	-7.34	46.48	-7.23	46.56	-7.47       45.78	-7.39	45.80	-7.56	46.03	-7.60	46.01	-7.71
46.02	-7.11	45.93	-7.44	46.03	-7.41	46.01	-7.62       45.47	-7.38	45.45	-7.67	45.46	-7.73	45.42	-7.85
