101.07	-4.16	100.75	-5.17	100.70	-4.81	106.79	-4.01       100.82	-3.93	100.74	-5.09	100.87	-4.79	109.24	-3.64
99.62	-5.58	99.55	-5.51	99.52	-5.48	103.93	-5.44       99.62	-5.47	99.65	-5.41	99.82	-5.33	106.19	-5.20
98.64	-6.46	98.57	-6.43	98.53	-6.39	102.18	-6.34       98.67	-6.38	98.77	-6.37	98.96	-6.32	104.23	-6.23
97.77	-7.28	97.69	-7.21	97.73	-7.18	100.87	-7.14       97.79	-7.20	97.90	-7.19	98.14	-7.16	102.76	-7.09
96.95	-7.98	96.84	-7.93	96.81	-7.92	99.53	-7.88       96.97	-7.96	97.07	-7.92	97.22	-7.92	101.40	-7.87
96.11	-8.77	96.03	-8.65	96.04	-8.63	98.49	-8.62       96.19	-8.72	96.35	-8.70	96.47	-8.70	100.15	-8.65
95.05	-9.37	95.01	-9.30	95.03	-9.29	97.13	-9.25       95.16	-9.36	95.26	-9.37	95.41	-9.36	98.71	-9.34
94.39	-9.83	94.37	-9.80	94.35	-9.77	96.20	-9.75       94.43	-9.90	94.57	-9.89	94.71	-9.88	97.69	-9.88
93.58	-10.24	93.52	-10.20	93.60	-10.17	95.25	-10.17       93.68	-10.32	93.77	-10.32	93.94	-10.31	96.65	-10.32
92.77	-10.56	92.68	-10.53	92.74	-10.51	94.21	-10.49       92.75	-10.66	92.89	-10.66	93.09	-10.65	95.56	-10.67
85.97	-12.07	85.86	-11.94	85.92	-11.91	87.05	-11.87       85.79	-12.15	85.89	-12.14	86.03	-12.14	88.02	-12.17
80.50	-13.62	80.42	-13.50	80.54	-13.47	81.43	-13.44       80.26	-13.71	80.31	-13.72	80.47	-13.71	82.12	-13.74
76.27	-14.37	76.21	-14.28	76.28	-14.23	76.97	-14.19       75.95	-14.46	75.99	-14.47	76.17	-14.47	77.53	-14.50
72.89	-14.66	72.86	-14.57	73.00	-14.53	73.48	-14.48       72.62	-14.73	72.63	-14.74	72.75	-14.75	73.94	-14.77
70.42	-14.65	70.34	-14.53	70.53	-14.50	70.92	-14.45       70.07	-14.67	70.13	-14.68	70.26	-14.69	71.22	-14.72
68.21	-14.56	68.14	-14.46	68.30	-14.41	68.73	-14.37       67.91	-14.58	67.90	-14.61	68.06	-14.60	68.81	-14.64
66.38	-14.32	66.30	-14.23	66.50	-14.21	66.94	-14.17       66.06	-14.36	66.09	-14.38	66.26	-14.39	66.90	-14.41
64.91	-14.04	64.84	-13.99	65.02	-13.95	65.45	-13.90       64.60	-14.10	64.64	-14.12	64.75	-14.13	65.37	-14.15
63.67	-13.71	63.57	-13.63	63.77	-13.60	64.16	-13.57       63.34	-13.75	63.41	-13.77	63.50	-13.77	64.07	-13.80
61.75	-13.19	61.71	-13.12	61.94	-13.11	62.32	-13.08       61.46	-13.25	61.54	-13.28	61.65	-13.30	62.17	-13.32
60.23	-12.65	60.17	-12.61	60.32	-12.59	60.70	-12.58       59.94	-12.73	60.01	-12.76	60.08	-12.81	60.56	-12.82
58.94	-12.18	58.84	-12.15	59.06	-12.14	59.38	-12.13       58.65	-12.29	58.67	-12.31	58.78	-12.35	59.21	-12.35
57.90	-11.71	57.85	-11.67	58.05	-11.65	58.33	-11.65       57.63	-11.81	57.66	-11.84	57.76	-11.88	58.14	-11.87
57.03	-11.19	56.99	-11.15	57.20	-11.14	57.48	-11.15       56.77	-11.30	56.80	-11.33	56.90	-11.38	57.25	-11.38
54.51	-9.57	54.47	-9.58	54.66	-9.56	54.92	-9.61       54.20	-9.77	54.22	-9.79	54.30	-9.87	54.53	-9.90
53.24	-8.29	53.21	-8.34	53.38	-8.34	53.63	-8.40       52.88	-8.57	52.90	-8.57	52.99	-8.65	53.17	-8.70
52.41	-7.60	52.39	-7.67	52.57	-7.71	52.83	-7.75       52.04	-7.91	52.08	-7.91	52.16	-8.01	52.33	-8.06
51.78	-6.99	51.85	-7.10	52.02	-7.18	52.25	-7.23       51.48	-7.35	51.50	-7.35	51.58	-7.48	51.70	-7.55
51.61	-6.62	51.56	-6.73	51.65	-6.86	51.86	-6.89       51.15	-6.98	51.16	-6.98	51.24	-7.12	51.25	-7.20
51.31	-6.37	51.33	-6.43	51.39	-6.60	51.63	-6.62       50.88	-6.65	50.92	-6.71	50.99	-6.84	51.08	-6.94
51.15	-6.24	51.30	-6.39	51.35	-6.63	51.59	-6.67       50.77	-6.50	50.84	-6.80	50.93	-6.85	51.02	-6.99
51.06	-6.09	51.06	-6.30	50.99	-6.58	51.09	-6.63       50.60	-6.37	50.55	-6.72	50.55	-6.79	50.46	-6.95
