82.14	-3.19	82.41	-3.55	82.34	-4.36	86.31	-3.13       81.95	-3.22	81.81	-4.23	81.86	-4.33	82.12	-4.63
80.35	-6.46	80.72	-6.44	80.81	-6.43	83.90	-6.39       80.15	-6.46	80.13	-6.45	80.23	-6.42	80.45	-6.38
78.78	-7.82	79.30	-7.82	79.39	-7.80	82.09	-7.74       78.73	-7.76	78.73	-7.76	78.85	-7.75	79.07	-7.72
77.85	-8.82	78.04	-8.84	78.15	-8.81	80.58	-8.74       77.57	-8.76	77.58	-8.74	77.67	-8.74	77.91	-8.72
76.84	-9.55	76.99	-9.62	77.07	-9.59	79.17	-9.57       76.48	-9.55	76.49	-9.53	76.59	-9.51	76.78	-9.53
75.90	-10.45	76.04	-10.42	76.06	-10.40	78.01	-10.39       75.52	-10.35	75.54	-10.37	75.66	-10.33	75.83	-10.35
74.77	-10.99	74.83	-10.92	74.95	-10.92	76.71	-10.92       74.39	-10.89	74.43	-10.85	74.50	-10.84	74.69	-10.86
74.05	-11.51	73.99	-11.45	74.12	-11.43	75.74	-11.44       73.57	-11.37	73.60	-11.34	73.69	-11.35	73.88	-11.37
73.14	-11.88	73.26	-11.83	73.21	-11.80	74.70	-11.81       72.74	-11.71	72.76	-11.71	72.86	-11.71	73.06	-11.73
72.20	-12.19	72.31	-12.18	72.38	-12.19	73.68	-12.18       71.88	-12.08	71.83	-12.07	72.03	-12.09	72.16	-12.09
65.83	-13.89	65.95	-13.87	66.00	-13.87	67.01	-13.84       65.58	-13.64	65.57	-13.63	65.66	-13.62	65.85	-13.63
61.06	-15.54	61.16	-15.50	61.16	-15.49	62.02	-15.47       60.87	-15.21	60.87	-15.19	60.91	-15.17	61.11	-15.19
57.51	-16.27	57.49	-16.25	57.56	-16.22	58.23	-16.19       57.34	-15.92	57.35	-15.89	57.42	-15.89	57.59	-15.90
54.70	-16.52	54.80	-16.48	54.78	-16.45	55.33	-16.42       54.65	-16.15	54.67	-16.11	54.73	-16.11	54.90	-16.11
52.60	-16.52	52.67	-16.40	52.70	-16.37	53.17	-16.35       52.58	-16.09	52.61	-16.06	52.69	-16.06	52.83	-16.07
50.79	-16.40	50.82	-16.28	50.88	-16.26	51.29	-16.24       50.80	-16.01	50.83	-15.96	50.90	-15.95	51.03	-15.96
49.25	-16.19	49.30	-16.05	49.32	-15.99	49.77	-15.99       49.32	-15.77	49.35	-15.72	49.42	-15.72	49.55	-15.73
47.97	-15.86	48.07	-15.76	48.11	-15.68	48.55	-15.70       48.07	-15.49	48.12	-15.43	48.18	-15.44	48.35	-15.45
46.97	-15.48	47.05	-15.42	47.08	-15.33	47.42	-15.32       47.07	-15.13	47.07	-15.09	47.14	-15.08	47.30	-15.08
45.40	-14.83	45.53	-14.81	45.50	-14.73	45.87	-14.74       45.53	-14.58	45.55	-14.54	45.62	-14.53	45.78	-14.53
44.09	-14.27	44.17	-14.22	44.21	-14.10	44.55	-14.10       44.24	-13.99	44.27	-13.92	44.31	-13.93	44.49	-13.93
43.03	-13.68	43.14	-13.63	43.16	-13.58	43.51	-13.57       43.20	-13.48	43.25	-13.44	43.28	-13.42	43.44	-13.44
42.17	-13.05	42.27	-13.01	42.29	-12.97	42.59	-12.95       42.33	-12.89	42.35	-12.84	42.41	-12.84	42.56	-12.84
41.48	-12.46	41.57	-12.40	41.60	-12.35	41.88	-12.33       41.65	-12.30	41.67	-12.23	41.73	-12.23	41.89	-12.24
39.42	-10.42	39.47	-10.39	39.56	-10.37	39.82	-10.35       39.56	-10.36	39.62	-10.33	39.66	-10.33	39.81	-10.35
38.45	-8.73	38.48	-8.79	38.58	-8.81	38.82	-8.79       38.58	-8.83	38.63	-8.78	38.65	-8.78	38.81	-8.80
37.79	-7.82	37.88	-7.89	37.94	-7.97	38.17	-7.93       37.90	-7.96	37.97	-7.91	38.01	-7.90	38.14	-7.96
37.43	-7.06	37.52	-7.10	37.56	-7.21	37.73	-7.25       37.51	-7.21	37.57	-7.16	37.61	-7.13	37.71	-7.21
37.18	-6.55	37.24	-6.61	37.32	-6.72	37.47	-6.79       37.30	-6.71	37.36	-6.66	37.38	-6.64	37.46	-6.74
36.95	-6.12	37.10	-6.14	37.16	-6.30	37.30	-6.37       37.11	-6.28	37.16	-6.22	37.20	-6.19	37.29	-6.31
36.94	-5.87	37.10	-5.97	37.15	-6.19	37.30	-6.28       37.09	-6.15	37.18	-6.11	37.19	-6.13	37.29	-6.23
36.54	-5.70	36.62	-5.93	36.65	-6.17	36.66	-6.30       36.58	-6.07	36.64	-6.10	36.63	-6.14	36.64	-6.22
