91.51	-3.94	92.28	-4.59	111.71	-3.64	110.70	-3.55       91.42	-3.30	91.31	-4.57	100.63	-3.02	114.03	-2.99
89.28	-6.08	90.15	-5.88	105.89	-5.75	105.03	-5.73       89.28	-5.80	89.34	-5.70	96.85	-5.55	108.05	-5.54
87.86	-6.96	88.82	-6.78	102.24	-6.66	101.24	-6.65       87.98	-6.71	88.09	-6.64	94.49	-6.53	103.93	-6.54
86.79	-7.66	87.79	-7.46	99.46	-7.37	98.36	-7.35       86.98	-7.42	87.10	-7.39	92.71	-7.31	100.67	-7.34
85.86	-8.26	86.81	-8.03	97.02	-7.98	95.85	-7.99       86.02	-8.03	86.18	-8.01	91.19	-7.96	97.86	-8.04
85.01	-8.89	86.01	-8.68	94.98	-8.60	93.68	-8.60       85.24	-8.67	85.36	-8.63	89.63	-8.62	95.44	-8.72
84.04	-9.33	85.03	-9.12	92.89	-9.11	91.60	-9.11       84.23	-9.16	84.36	-9.15	88.14	-9.12	92.97	-9.26
83.41	-9.77	84.32	-9.53	91.32	-9.54	90.00	-9.54       83.57	-9.55	83.69	-9.57	86.99	-9.58	91.20	-9.75
82.72	-10.05	83.67	-9.82	89.95	-9.82	88.42	-9.82       82.91	-9.86	83.00	-9.85	85.81	-9.90	89.37	-10.07
81.95	-10.32	82.99	-10.07	88.37	-10.09	86.96	-10.08       82.16	-10.12	82.26	-10.12	84.98	-10.18	87.77	-10.40
76.17	-11.23	77.27	-11.01	81.89	-10.95	80.52	-10.97       76.46	-11.03	76.51	-11.05	78.87	-11.12	80.94	-11.35
71.66	-12.49	72.85	-12.36	76.76	-12.27	75.40	-12.30       72.03	-12.34	72.08	-12.35	73.96	-12.47	75.58	-12.66
68.18	-13.06	69.39	-13.03	72.72	-12.93	71.43	-12.97       68.61	-12.97	68.64	-12.99	70.40	-13.14	71.50	-13.27
65.47	-13.21	66.66	-13.28	69.55	-13.19	68.21	-13.25       65.95	-13.20	65.92	-13.23	67.35	-13.38	68.33	-13.48
63.45	-13.12	64.56	-13.26	67.06	-13.16	65.74	-13.24       63.90	-13.17	63.90	-13.19	65.10	-13.33	65.85	-13.44
61.68	-13.04	62.71	-13.22	64.90	-13.14	63.51	-13.25       62.10	-13.13	62.06	-13.16	63.16	-13.27	63.62	-13.43
60.15	-12.79	61.20	-13.02	63.09	-12.94	61.66	-13.09       60.61	-12.93	60.56	-12.96	61.42	-13.07	61.77	-13.25
59.04	-12.53	60.00	-12.80	61.60	-12.73	60.20	-12.91       59.37	-12.71	59.34	-12.74	60.12	-12.85	60.25	-13.08
58.02	-12.23	58.89	-12.54	60.29	-12.48	58.88	-12.70       58.36	-12.45	58.29	-12.48	58.92	-12.58	58.87	-12.85
56.45	-11.80	57.24	-12.13	58.38	-12.08	56.98	-12.37       56.73	-12.05	56.70	-12.06	57.09	-12.17	56.98	-12.52
55.19	-11.22	55.89	-11.59	56.84	-11.56	55.45	-11.93       55.50	-11.50	55.37	-11.54	55.67	-11.65	55.37	-12.07
54.17	-10.82	54.82	-11.19	55.55	-11.17	54.14	-11.62       54.42	-11.10	54.33	-11.14	54.59	-11.24	54.05	-11.76
53.36	-10.39	53.94	-10.75	54.48	-10.75	53.09	-11.28       53.53	-10.68	53.43	-10.71	53.67	-10.82	52.94	-11.42
52.70	-9.92	53.22	-10.28	53.61	-10.30	52.23	-10.91       52.78	-10.22	52.74	-10.25	52.84	-10.36	52.07	-11.04
50.60	-8.54	51.01	-8.84	51.24	-8.93	49.86	-9.91       50.63	-8.80	50.55	-8.87	50.55	-8.95	49.66	-10.03
49.61	-7.41	49.96	-7.68	50.11	-7.84	48.79	-9.22       49.55	-7.64	49.51	-7.71	49.45	-7.77	48.53	-9.30
48.95	-6.85	49.30	-7.08	49.40	-7.35	48.18	-9.14       48.88	-7.04	48.84	-7.15	48.74	-7.20	47.85	-9.21
48.52	-6.38	48.87	-6.60	48.85	-6.99	47.69	-9.21       48.43	-6.54	48.41	-6.66	48.22	-6.74	47.33	-9.29
48.31	-6.11	48.61	-6.34	48.53	-6.86	47.37	-9.56       48.19	-6.24	48.19	-6.39	47.95	-6.46	46.98	-9.62
48.12	-5.89	48.41	-6.14	48.32	-6.84	47.23	-10.04       48.01	-6.01	48.02	-6.18	47.77	-6.28	46.78	-10.10
48.10	-5.86	48.42	-6.21	48.28	-7.17	47.24	-10.88       47.95	-6.00	47.98	-6.25	47.78	-6.39	46.82	-10.98
48.01	-5.80	48.04	-6.27	47.82	-7.56	46.68	-11.86       47.79	-5.90	47.71	-6.28	47.24	-6.46	46.39	-12.14
